RUNTIME	Iteracoes	Media movimentos	Media espera
150.5828139781952	279	70.0	6.0
147.26210808753967	277	70.5	6.0
164.14965438842773	309	73.0	6.0
129.96142673492432	236	68.0	6.0
158.29229998588562	303	74.0	6.0
148.8039948940277	279	76.0	5.0
152.95772051811218	286	75.0	7.0
149.16940355300903	280	70.0	6.0
141.48430371284485	265	69.0	6.0
155.54942274093628	294	71.0	6.0
160.48772072792053	307	71.0	7.0
159.01299047470093	303	71.5	7.0
149.20623230934143	282	69.0	6.0
162.4000403881073	307	74.0	7.5
143.6267123222351	269	71.0	6.0
140.82504296302795	261	67.0	6.0
149.37901067733765	278	73.5	7.0
149.7032332420349	284	71.0	6.0
155.45855069160461	293	74.5	6.0
146.4105350971222	276	71.0	5.0
144.70254588127136	270	70.0	7.0
150.89669799804688	279	78.0	8.0
143.30402493476868	267	73.0	6.0
161.0428545475006	306	72.0	7.0
157.05909299850464	301	71.0	6.0
142.24117875099182	259	68.5	7.0
149.25867342948914	280	73.5	7.0
144.29096126556396	269	73.5	7.0
155.5599341392517	298	70.5	6.0
159.55711603164673	299	73.5	7.0
161.36669254302979	305	73.0	7.0
156.08383560180664	297	70.0	8.0
142.831805229187	268	70.0	6.0
157.87641835212708	305	65.0	5.0
142.07839822769165	265	67.0	6.0
149.60864639282227	282	68.0	5.0
169.84652066230774	328	74.0	6.0
156.53988933563232	299	68.0	6.0
143.53793263435364	269	68.0	6.0
158.198237657547	302	74.0	6.5
156.74588441848755	296	76.0	7.0
153.43441796302795	293	72.0	7.0
141.32447242736816	264	70.0	7.0
151.33797216415405	285	71.0	6.0
141.5331153869629	263	71.0	6.0
160.02001428604126	302	67.0	7.0
149.03146386146545	279	72.5	6.0
153.5102195739746	289	72.0	6.0
138.32853317260742	256	70.5	6.0
140.52726006507874	258	69.5	6.0
156.82350897789001	293	75.0	7.0
162.4232189655304	311	70.0	6.5
150.8603811264038	285	71.0	6.0
151.07184624671936	285	69.5	6.0
146.1143867969513	274	72.5	6.0
152.82198095321655	290	72.0	6.0
158.27364110946655	304	71.0	5.0
146.96201157569885	277	70.0	6.0
150.64144778251648	284	72.0	6.0
152.1056900024414	289	72.0	6.0
159.3190474510193	304	73.0	7.0
142.5548243522644	262	73.5	7.0
157.60037183761597	301	69.5	6.0
156.53313159942627	295	70.5	8.0
142.3566858768463	265	68.5	6.0
157.8910574913025	296	72.0	7.0
145.89193415641785	267	73.0	8.0
155.12226462364197	294	75.0	6.0
153.64799642562866	292	71.0	6.0
133.58819794654846	246	66.0	5.0
152.9520559310913	290	74.0	6.0
157.89633321762085	299	73.5	6.0
156.16825914382935	295	71.0	6.5
147.03386569023132	275	70.5	7.0
160.72144436836243	306	73.5	6.0
164.61458015441895	314	72.5	7.0
161.60938596725464	305	75.0	8.0
151.01463317871094	284	69.0	7.0
150.34283685684204	283	75.0	6.0
151.92061233520508	287	70.0	6.0
133.50180578231812	247	68.0	6.0
146.27143931388855	274	69.5	6.0
145.49666810035706	269	71.5	7.0
159.2169098854065	303	71.0	7.0
152.9775104522705	293	67.0	6.0
142.6908938884735	269	73.0	6.0
149.63557934761047	282	69.0	6.0
145.6697907447815	266	74.0	8.0
140.76488590240479	262	70.0	5.0
144.71329593658447	269	72.0	7.0
155.01642155647278	294	71.0	7.0
154.75339198112488	294	69.5	6.0
158.01550149917603	299	72.0	6.0
148.49481320381165	280	71.0	6.0
158.44415163993835	301	72.5	7.0
155.1918511390686	297	73.0	5.5
159.62908458709717	303	72.0	6.0
148.2812101840973	279	69.0	5.5
154.39422082901	293	71.0	5.0
154.61834263801575	296	66.5	5.0
RUNTIME	Iteracoes	Media movimentos	Media espera
170.07634735107422	323	72.0	10.0
165.3573317527771	318	75.5	10.0
155.58655309677124	298	74.5	8.0
159.18986868858337	303	71.0	10.0
158.05788469314575	303	72.0	9.0
157.95579028129578	302	73.0	10.0
161.67715001106262	308	75.5	10.0
171.14947938919067	332	76.0	9.0
164.72082424163818	318	77.0	9.0
160.8666377067566	307	79.0	10.0
162.57807159423828	312	74.0	10.5
153.57114720344543	295	72.0	9.0
171.2846658229828	330	75.5	10.0
161.5369200706482	307	74.5	12.0
159.07296299934387	303	75.0	10.0
152.06462478637695	285	72.0	10.0
170.5706822872162	332	74.0	10.0
172.77287435531616	335	72.5	9.0
164.75785565376282	319	70.5	9.0
177.8487193584442	345	76.5	10.0
163.52130389213562	314	75.0	9.0
164.1065809726715	313	72.0	10.0
163.7904257774353	315	74.0	10.0
168.18001794815063	327	74.0	9.0
178.3398416042328	345	78.0	10.0
173.01332330703735	336	74.0	10.0
161.59256553649902	312	75.0	8.5
163.99676990509033	314	76.0	10.0
165.1334149837494	317	78.0	9.0
163.70866703987122	315	72.5	10.0
159.95076489448547	304	74.0	10.0
168.12152552604675	324	76.0	10.0
167.77144861221313	323	75.0	10.0
176.4987154006958	343	76.0	10.0
156.69292283058167	299	74.5	10.0
168.5511875152588	325	74.0	10.0
169.0894112586975	327	73.0	9.0
159.1959409713745	308	66.5	8.0
160.90865302085876	308	72.5	9.0
171.91461300849915	330	77.5	11.0
163.60273051261902	315	73.0	9.0
169.00892114639282	326	75.5	10.0
161.14339590072632	308	72.5	9.0
170.49748396873474	330	71.0	11.0
157.43144822120667	304	74.0	8.0
151.27903985977173	289	68.5	9.0
160.4888732433319	307	73.0	9.0
172.32454347610474	334	76.0	10.0
172.6097593307495	335	75.0	10.0
163.3532772064209	314	70.0	10.0
163.17250084877014	316	77.0	8.0
161.3735933303833	307	76.0	9.0
159.68588638305664	306	72.0	9.0
161.84130144119263	313	70.0	8.5
167.160826921463	325	71.0	9.0
150.03712677955627	282	70.0	10.0
169.56323719024658	330	74.0	10.0
164.05561590194702	316	73.0	9.0
170.75605607032776	329	76.0	10.0
163.4712188243866	319	69.0	8.0
153.67324662208557	294	72.0	9.0
162.05876994132996	312	71.5	9.0
162.0987696647644	313	74.5	9.0
168.36100578308105	326	73.0	10.0
166.69718074798584	321	75.5	10.0
165.35856699943542	319	74.0	10.0
166.33053946495056	319	73.0	10.0
162.98565793037415	313	75.0	8.5
160.21130061149597	307	69.5	10.0
164.85948586463928	318	70.0	10.0
160.36208081245422	308	73.0	9.0
163.11742877960205	314	72.0	8.0
160.25684571266174	306	76.0	10.0
159.4290668964386	305	76.0	10.0
163.02402424812317	315	71.0	10.0
173.2159297466278	335	73.5	9.5
161.86375212669373	309	75.0	10.0
169.11995697021484	329	73.5	9.5
151.99190998077393	286	74.0	9.0
160.30020308494568	310	75.0	9.0
162.39207553863525	311	73.5	9.0
175.78554272651672	341	73.0	10.0
170.1579246520996	329	72.0	9.0
160.55351090431213	311	71.0	9.0
172.18406629562378	335	71.0	10.0
161.25077176094055	310	75.0	9.0
161.6944441795349	310	71.0	9.5
157.8264594078064	304	72.0	8.0
157.66857504844666	301	72.0	10.0
169.49356937408447	329	72.5	10.0
168.76340079307556	326	78.0	10.0
164.26551127433777	315	77.0	10.0
166.30460357666016	322	75.0	9.0
166.7253179550171	320	76.0	10.0
170.1664617061615	331	73.0	10.0
161.4254982471466	312	72.0	8.0
161.00352311134338	311	68.0	8.0
167.4533998966217	323	78.0	9.0
163.24122524261475	314	73.0	10.0
159.27559280395508	308	77.0	9.0
 RUNTIME	Iteracoes	Media movimentos	Media espera
314.22040128707886	874	76.0	8.0
188.76013088226318	475	75.5	10.0
#528.7395794391632	1200	75.0	10.0
154.33576917648315	287	70.0	7.0
147.08629727363586	275	72.0	7.0
156.72397303581238	293	75.0	7.0
153.81255626678467	290	75.0	8.0
150.0939040184021	279	75.0	7.0
146.3718605041504	278	65.5	6.0
155.89324069023132	270	71.0	6.0
157.76452231407166	303	74.5	7.0
145.104163646698	270	73.0	7.0
142.65414762496948	265	70.5	7.0
156.78429889678955	300	71.0	6.0
161.92988634109497	310	76.0	8.0
162.97982954978943	314	75.0	7.0
154.44905853271484	294	71.5	7.0
145.71964049339294	274	70.0	6.0
149.9942102432251	283	74.0	6.0
154.04138827323914	294	72.0	7.0
159.06023836135864	293	73.0	6.0
158.484361410141	305	69.0	6.0
151.9835968017578	291	74.0	7.0
156.21938490867615	297	73.0	8.0
137.33329486846924	254	76.0	6.0
148.2442662715912	277	72.0	7.0
164.073885679245	317	71.0	7.0
149.72111988067627	282	70.0	6.0
154.69822430610657	296	75.0	7.0
153.86430859565735	293	75.0	7.0
159.81812572479248	309	74.0	7.0
145.10781288146973	276	76.0	6.0
153.72380208969116	293	71.0	6.0
146.134624004364	278	70.0	6.0
157.66112732887268	300	73.0	7.0
149.10222673416138	282	70.0	6.0
161.3403034210205	311	73.0	6.0
160.74744510650635	310	74.5	7.0
158.29148125648499	301	72.0	7.0
158.32442688941956	302	73.0	8.0
154.75450205802917	294	68.0	7.0
153.69230127334595	292	73.5	6.0
157.13045573234558	300	71.5	7.0
145.71750211715698	273	70.0	7.0
145.01465153694153	273	72.5	6.0
164.25956082344055	313	75.0	8.0
150.99442720413208	284	74.0	6.0
158.64315247535706	304	73.0	7.0
145.6788272857666	272	72.0	7.0
151.2915859222412	287	72.0	7.0
161.39475417137146	307	76.5	9.0
170.06106781959534	323	74.0	7.0
160.39223194122314	309	73.0	6.0
153.96437811851501	293	74.0	6.0
152.93930983543396	288	73.0	7.5
155.55670642852783	299	68.0	6.0
149.92836165428162	284	76.0	6.0
147.68381929397583	278	74.0	7.0
157.42296385765076	302	74.0	6.0
152.33489775657654	279	67.5	6.0
165.2482841014862	303	76.0	7.0
178.4034492969513	311	72.0	7.0
141.02073168754578	265	70.0	6.0
158.13657665252686	291	68.0	6.5
159.37883830070496	306	71.0	7.0
149.45143604278564	284	74.0	6.0
151.28548645973206	286	76.0	7.0
153.9744474887848	294	75.0	7.0
153.75760078430176	291	72.0	6.0
152.06409287452698	290	70.0	6.0
163.740149974823	312	79.0	7.0
148.12398409843445	279	73.5	7.0
164.72719812393188	316	75.0	8.0
138.54529356956482	259	73.0	6.5
155.61810278892517	298	69.0	7.0
162.63977146148682	312	75.0	7.0
164.14229273796082	316	76.0	6.0
154.2157802581787	296	73.0	6.0
159.6477906703949	305	72.0	6.0
147.14346480369568	279	68.5	6.0
149.02941799163818	285	70.0	6.0
143.8172092437744	270	73.0	7.0
162.04751348495483	309	73.5	7.0
145.162339925766	275	74.0	6.0
153.31768655776978	288	71.5	6.0
171.04321193695068	331	77.0	7.0
158.04941058158875	299	73.0	7.0
150.02099180221558	286	68.5	7.0
142.90733432769775	265	72.0	6.0
142.53802800178528	268	68.0	6.0
158.23920559883118	299	77.0	7.0
142.7804605960846	267	71.5	6.0
168.13682651519775	322	73.5	8.0
146.61944150924683	278	74.5	6.0
148.48616337776184	279	70.0	7.0
161.6363217830658	311	69.5	7.0
156.08055520057678	295	74.5	7.0
152.37013339996338	290	74.5	6.0
164.11416816711426	317	73.0	8.0
141.93383979797363	266	72.0	6.0
146.36512875556946	275	72.0	7.0
157.45616173744202	302	70.5	7.0
156.0510447025299	298	73.0	7.0
RUNTIME	Iteracoes	Media movimentos	Media espera
153.0431694984436	289	70.0	6.0
160.08825850486755	307	76.5	7.0
159.02470135688782	301	80.0	8.0
165.91512727737427	320	73.0	8.0
157.48392033576965	300	73.5	7.0
151.98612093925476	290	75.5	7.0
145.4414734840393	272	71.0	8.0
140.42352867126465	264	73.0	5.0
168.54664540290833	327	74.0	7.0
159.038241147995	307	74.0	7.0
151.28297448158264	285	73.0	7.0
146.8198800086975	279	72.0	7.0
166.22184300422668	321	76.0	7.0
156.68571543693542	296	73.0	8.0
162.74450588226318	315	73.0	7.0
154.6928038597107	295	73.0	7.5
167.35088729858398	325	75.0	7.0
152.95749974250793	290	72.5	7.0
148.50822043418884	281	72.0	7.0
138.99800562858582	264	70.5	6.0
153.95004653930664	296	70.0	7.0
161.73601031303406	308	74.0	8.0
151.54665637016296	288	77.0	7.0
160.4337272644043	309	72.0	7.0
152.81401920318604	289	75.0	7.0
159.87638068199158	305	76.0	8.0
152.73620104789734	293	72.0	6.0
162.82242155075073	314	76.0	8.0
153.59086346626282	295	73.5	6.0
151.76672625541687	292	71.5	6.0
160.7889437675476	308	75.0	8.0
169.17362260818481	328	77.0	8.0
158.4702184200287	304	72.5	8.0
167.60374975204468	325	77.0	7.0
141.5554962158203	266	73.5	6.5
158.7649405002594	303	74.0	8.0
162.20149064064026	311	74.0	8.0
167.0607454776764	324	76.5	8.0
155.31777429580688	298	69.0	7.0
155.4368917942047	299	74.0	7.0
164.18874526023865	317	77.0	8.0
163.3892822265625	314	71.0	8.0
150.29911303520203	283	72.0	7.0
154.2308065891266	296	77.0	8.0
150.049378156662	285	72.5	6.0
167.89844012260437	324	74.0	7.0
156.75362730026245	301	72.5	7.0
157.44027018547058	298	78.0	9.0
167.87406468391418	327	74.0	8.0
152.32558035850525	289	68.0	7.0
169.44964933395386	335	75.0	6.0
163.2207052707672	317	73.0	7.0
149.00328969955444	284	70.0	6.5
162.3989658355713	315	75.0	8.0
174.94876670837402	340	80.0	8.0
159.99799132347107	305	75.0	8.0
182.43081283569336	364	75.0	8.0
160.63117361068726	307	74.0	8.0
157.4215919971466	301	73.0	7.0
161.32824158668518	311	75.0	7.0
164.33638882637024	320	75.5	7.0
151.7653272151947	288	73.0	7.0
150.58834719657898	283	70.0	7.0
147.89732694625854	278	73.0	8.0
156.52950501441956	301	71.0	6.5
167.9001612663269	324	75.0	8.0
149.7368700504303	285	71.0	7.0
155.40844345092773	299	73.0	7.0
167.38161087036133	327	76.0	7.0
149.82001638412476	283	69.0	7.0
156.02346920967102	298	73.5	7.0
170.81915760040283	330	76.0	8.0
162.7944495677948	313	76.0	7.0
145.8971757888794	273	69.0	6.0
160.77421736717224	308	76.0	8.0
167.2238245010376	322	75.0	8.0
162.39748692512512	316	73.0	7.0
159.37783288955688	307	71.0	7.0
165.38122940063477	319	74.5	7.0
158.89336133003235	305	74.0	7.0
159.83701491355896	310	67.0	7.0
160.28678154945374	307	73.5	7.0
201.51165008544922	302	75.0	7.0
165.62887358665466	321	74.0	8.0
150.12787461280823	287	73.0	6.0
164.03680443763733	316	78.0	8.0
202.03282523155212	296	74.5	8.0
152.6755735874176	290	72.0	8.0
158.53471755981445	299	74.0	8.0
152.28301310539246	289	76.5	6.0
164.86730289459229	316	73.0	9.0
170.7593638896942	331	78.0	7.0
155.4582438468933	299	68.0	7.0
164.35549879074097	314	75.5	8.0
159.86985421180725	311	74.0	6.0
152.79614663124084	292	75.0	7.0
152.5967309474945	289	72.5	7.0
152.30575847625732	290	72.0	7.0
152.84744310379028	292	76.0	6.0
154.57370400428772	296	71.0	7.0
RUNTIME	Iteracoes	Media movimentos	Media espera
160.93100357055664	309	67.0	6.0
163.5168981552124	318	69.5	7.0
153.56820583343506	293	74.0	8.0
169.51651167869568	332	71.5	8.0
181.25004386901855	358	75.5	8.0
168.45542216300964	329	76.0	7.0
160.2567653656006	311	71.5	7.0
177.70966148376465	359	69.0	7.0
160.93885684013367	309	76.5	8.0
170.61579537391663	332	75.0	8.0
155.19133257865906	299	75.5	7.0
159.10127639770508	309	70.0	7.0
198.74467635154724	407	77.0	8.0
160.39267802238464	307	75.0	7.0
208.72003531455994	435	77.0	9.0
166.76273775100708	324	78.0	8.0
163.11100840568542	312	74.5	7.0
350.5761625766754	812	73.5	8.0
166.13210463523865	322	72.0	8.0
175.9107973575592	345	77.0	8.0
191.89717292785645	389	76.0	9.0
168.67567324638367	326	82.0	8.0
190.79320788383484	383	74.0	8.0
167.78031492233276	328	72.0	8.0
151.9123830795288	286	75.0	8.0
194.60094165802002	399	76.0	7.5
156.8073766231537	303	72.5	8.0
204.5885169506073	418	75.0	9.0
152.14674139022827	290	73.5	6.0
177.38567423820496	350	74.0	8.0
174.18154549598694	340	72.0	8.0
163.59754943847656	317	76.0	7.0
171.92291045188904	334	77.0	7.5
164.30019569396973	320	73.0	8.0
193.97343182563782	399	70.0	8.0
161.01956415176392	314	68.0	7.5
164.46743249893188	319	76.0	8.0
176.7539508342743	347	73.5	9.0
156.14597272872925	296	73.0	8.0
163.94171285629272	320	78.0	7.5
158.69292497634888	306	76.0	8.0
156.94939589500427	297	78.0	8.0
165.92936158180237	319	71.0	9.0
156.9330382347107	302	71.5	8.0
163.50855922698975	314	74.0	8.0
161.6600489616394	310	74.5	9.0
167.96108770370483	326	75.0	8.0
163.14547300338745	314	76.0	8.0
233.66067719459534	508	73.0	7.0
158.34087371826172	303	70.0	8.0
161.35884022712708	312	73.0	7.0
179.9194474220276	348	79.5	10.0
161.47314977645874	311	74.5	7.0
154.61876273155212	300	72.0	7.0
176.4113118648529	346	75.5	8.0
157.98715114593506	304	72.0	8.0
173.51814484596252	336	75.0	9.0
178.38816595077515	349	70.5	8.5
162.3854682445526	315	72.5	7.0
161.09010314941406	307	73.0	9.0
170.09990215301514	332	78.0	8.0
176.8023281097412	350	77.0	8.0
170.48455357551575	330	72.5	8.0
165.80749940872192	322	75.0	7.0
190.75745224952698	383	73.0	9.0
190.5760781764984	387	69.0	8.0
160.17816185951233	309	77.0	7.0
178.4511821269989	351	76.0	9.0
165.141051530838	319	76.0	9.0
186.08689546585083	374	75.0	7.0
164.1190583705902	319	76.0	8.0
203.61164140701294	420	75.0	9.0
171.61944031715393	332	74.0	8.0
173.18011593818665	337	76.0	9.0
166.4675097465515	324	75.0	8.0
158.7996678352356	305	73.0	7.0
159.8627758026123	311	72.0	7.0
234.95641088485718	504	74.0	8.0
154.75784349441528	296	71.5	7.0
164.1961853504181	319	77.0	8.0
172.47326922416687	342	75.0	7.0
178.53297781944275	348	71.0	8.0
167.39484572410583	326	74.0	8.0
162.81722259521484	316	73.5	8.0
168.58145427703857	335	71.0	7.0
172.4350779056549	337	72.5	8.0
158.10772681236267	303	73.0	8.0
187.02786827087402	371	78.0	9.0
180.92328071594238	358	76.0	8.0
165.32862162590027	319	76.5	8.0
215.88634157180786	459	73.5	8.0
160.61078906059265	312	76.0	7.0
162.0852291584015	313	74.0	8.0
174.89230966567993	343	76.5	8.0
169.44559121131897	327	73.5	8.0
202.24166822433472	436	73.0	7.0
168.66421127319336	336	77.0	8.5
153.31876850128174	302	75.0	7.0
148.00217986106873	289	71.0	8.0
164.05778646469116	328	76.0	8.0